4511413401422
4511413402801
4511413403143
4511413403655
4511413403723
4511413403983
4511413404010
4511413404140
4511413404157
4511413404270
4511413404607
4511413405192
4511413405222
4511413405239
4511413405314
4511413405451
4511413405611
4511413406472
4511413406489
4511413406496
4511413406571
4511413406618
4511413406656
4511413407363
4511413407677
4511413407684
4511413407776
4511413607572
4511413609941
4511413619810
4511413625484
4511413625491
4511413626603
4511413626788
4511413626818
4511413627464
4511413628171
4511413628218
4511574000212
45204302
4522678010465
4530503884594
4530503891868
4544630010016
4560264298811
4560285445010
4560386502841
4560447831156
4560447831644
4562163230534
4562191602051
4562193140575
4562193140858
4562226251674
4562226252862
4562226255108
4562355170471
4562355171461
4562379570226
4562465440372
4571132621815
4571157250038
4571157250267
4571157252049
4571157256092
4571157256214
4571157256658
4571157256757
4571157256917
4571157259130
4571157259222
4571307600553
4571307600652
4571307600713
4571307601468
4571307601529
4571307601659
4571344210487
4571395824015
4573106310176
4573106310244
4573342840543
4573342840918
4573559880066
4573559880202
4573559880264
4573559880448
X000WXD5Y3
4589712370329
X000ONXNFH
4589788400012
4589799180118
4589859280079
4901001398652
4901001927630
4901005707825
4901005760417
4901080661210
4901080717818
4901085178249
4901105591010
4901301236210
4901301272140
4901301307828
4901301312471
4901301339980
4901416175633
4901416175640
4901416177668
4901417629883
4901417823168
4901417823175
4901616107564
4901730027335
4901872030606
4901872455225
4902430675727
4902430677356
4902508150927
4902508203678
4902508203685
4902508204439
4902508205252
4902522668835
4902522670920
4902522671880
4902553038652
4902705035713
4902705035720
4902750649958
4902750657182
4902750695542
4902750704930
4902750715554
4902777303505
4902777303680
4902777305622
4902777306209
4902777308302
4902777308388
4902777308487
4902777310916
4902777312248
4902777313696
4902777323176
4902777324166
4902777324654
4902777339948
4902806105674
4902846125021
4902888233333
4902888555398
4902888727443
4902888727719
4903301011057
4903301011064
4903301011071
4903301136385
4903301190929
4903301190936
4903301241850
4903301271994
4903301290377
4903301446675
4903301446682
4903301588719
4903333162154
4903361440927
4903361640259
4906156602029
4906156602036
4908049126582
4908049128968
4908049133337
4908049334116
4908049410247
4908049411091
4908049463526
4908049468811
4908049486105
4908049488376
4908049488390
4908049506063
4908049508128
4908049515904
4908049538460
4908049557058
4908049557515
4908049565145
4908049574062
4909585000572
4909585001012
4909720517019
4909882100319
49243697
49243703
49243710
4933094031413
4933094032106
4933094032182
4934651515339
4946842606412
4946842635726
4946842635900
4946842635931
4946842635948
4946842636563
4946842636655
4946842636938
4946842637232
4946842637256
4946842637546
4946842637829
4946842637904
4946842638574
4946842638727
4946842639229
4946842639267
4946842639366
4946842639571
4946842639595
4946842639601
4946842639618
4946842639748
4946842639823
4946842639915
4952106213784
4952106214934
4953923309124
4954391103221
4954391103887
4954391105119
4955814710965
4956622106711
4957669480222
4957669496889
4961248005768
4961248008820
4961248009001
4961248009117
4961420011037
4962307164129
4962721100451
4964596700507
4964596700804
4968250271211
4968250275219
4968250370112
4968250841117
4968250894113
4969432401136
4969432401150
4970170140119
4970458118359
4971493001972
4971493105014
4971493105915
4971578001156
4971710308655
4971710308679
4971710383935
4971710392654
4971710397840
4972174352345
4972174352352
4972174352369
4972174352673
4973167253519
4973167864753
4973210994246
4973452191106
4973512278518
4975292131526
4975479188985
4975479425561
4976084010081
4976084016243
4976084019015
4976084041214
4976084042334
4976652008625
4976652015227
4976652015234
4976652015258
4976652015456
4978986102482
4979654027540
4979654027663
4981736121213
4981736233015
4984194123690
4987014041600
4987028114765
4987028120315
4987028123378
4987028123385
4987028123668
4987035513711
4987035528616
4987035541219
